1, 
11 * 14
ORI(i) : -9

0.9951206446,-0.0551111847,0.0818392932,
0.0501816645,0.9968683720,0.0611171275,
-0.0849512368,-0.0567120835,0.9947698116,

CONF : -1

1,

P(i) : -3 11 12 13

23.8,488.7,2280.3,

CONF : -1

1,

ORI(i) : 

...

0.9951206446,-0.0551111847,0.0818392932,0.0501816645,0.9968683720,0.0611171275,-0.0849512368,-0.0567120835,0.9947698116,1,34.7,290.8,2291.6,1,0.9963029027,-0.0177703705,0.0840522945,0.0177922789,0.9998415709,0.0004884749,-0.0840476528,0.0010088128,0.9964612126,1,38.3,92.0,2291.4,1,0.3241344690,-0.8347269893,-0.4451602995,0.4466303885,0.5498483777,-0.7058243752,0.8339413404,0.0299598966,0.5510392189,1,-105.4,288.3,2303.4,1,-0.5500069857,-0.8347269893,-0.0268916711,-0.8351531029,0.5498483777,0.0136384331,0.0034019740,0.0299598966,-0.9995453358,1,-182.3,182.3,2105.5,1,0.2232259512,0.4689226747,0.8545652032,-0.9747379422,0.1006423682,0.1993918121,0.0074938829,-0.8774865270,0.4795427024,1,174.9,293.2,2279.8,1,-0.0192179810,0.4729566574,0.8808760643,-0.9726887941,0.1949918866,-0.1259153634,-0.2313161939,-0.8592381477,0.4562923014,1,236.7,23.2,2281.9,1,0.9934911728,0.0877136067,0.0726743564,-0.0839114413,0.9950186610,-0.0538209192,-0.0770331696,0.0473724008,0.9959024787,1,-56.1,-107.3,2304.3,1,0.9925003052,0.0806396902,0.0918717682,-0.0970024690,0.9768884182,0.1904720068,-0.0743888542,-0.1979553103,0.9773842692,1,-91.0,-502.9,2285.5,1,0.8690128922,0.0429356769,0.4929230511,-0.0348586887,0.9990651608,-0.0255676582,-0.4935599864,0.0050359755,0.8696971536,1,126.2,-105.8,2284.0,1,0.8709710836,-0.0186592191,0.4909797907,-0.0829101875,0.9793671966,0.1842980236,-0.4842883646,-0.2012254745,0.8514534831,1,109.1,-502.9,2282.0,1,

----------------------

4 * 4 - No ORI - 12 13 14 15

-41.6,396.0,2104.6,1,
231.4,-246.4,2217.7,1,
-121.4,-871.1,2360.1,1,
115.6,-842.4,2351.7,1,
